Final Policy
-102.46748455893118 -12.6156256027328 -0.8561592183591689 -11.706224357487114 -12.707361067604065 -10.645977835114648 -11.176708819796138 49.34537059611711 48.950300560194435 53.485614742203296 52.5678529395132 53.56466320114043 42.69269508240859 59.84329830401161 61.85922750321888 17.45808147122152 61.92588401101087 63.532436577228395 65.2286813780229 66.78773308887574 64.70534620484888 55.080672224481916 -8.870946704643693 -9.458315461124648 -106.69895455055585 
-9.62952607843274 43.53741742656297 40.63923885274009 45.74697432344582 38.67613085769004 45.984392618951595 50.943519494257885 52.468524305889055 50.77041173245836 55.56427079288507 57.13562802216722 58.16556953627685 60.29571743948634 61.94544109576532 63.58138751902857 61.94546311192082 63.57992709940317 65.233617361903 66.90275172571855 68.5886386715238 66.90275218560092 65.233539356816 58.172081399812896 61.828903516746855 -7.75549885399528 
-12.408228075574431 44.9949219068849 46.46067038099595 47.940074676495676 39.6792538542206 50.34232305606615 52.468542528313364 54.00862916097174 52.4596282489124 54.008213403779784 58.72285672802416 59.57433995960139 44.71754525108266 63.508506637888 65.23372476711711 63.58138751378513 61.87348297929827 63.574957742519494 68.5886386766928 70.29155421897511 68.13889932503088 52.119168167380664 65.21901818868947 63.58138017732648 61.86522428647569 
44.446487492987934 46.46067392208974 47.94007467765422 49.43441886631917 47.94007445895573 26.624342975464174 54.00853925373426 55.564271879824666 54.0021330479646 58.72069800601261 60.32611790780917 61.938228750406196 59.5739847724345 65.23363330121079 66.9027522900175 65.23372476711691 63.570605134145524 71.17231290150109 73.74916086993316 72.01167092825769 70.29098823341461 65.20763190601676 66.90275228993981 65.23372274405394 63.4302356074714 
46.43772091630778 47.940049850510164 49.434418866319255 50.94385744072652 49.43441468690671 54.00861975125704 55.56427187981929 57.13562816144375 55.56426770818315 60.32553455168796 61.94557364425169 63.581387519445705 61.93430251181982 66.90275223473454 68.58863867678535 70.2915542074289 68.50060097987546 73.74916247859286 75.50420459979217 73.74916255379564 72.0116708486129 66.03705971485569 68.58863867678524 66.90275228948724 65.14240139572871 
42.15465873608994 49.43441880762923 50.94385744072642 52.46854286942072 50.94385744065132 55.56424571677541 57.13562816144377 58.72285672873108 57.12872072411411 61.945572376029894 63.58138751944615 65.23372476711732 63.58138580533418 68.58787536100363 70.29155421897511 72.01167092825769 70.25136792498981 75.50420283172615 77.27697434322585 75.50420459979358 73.74113304872641 68.58811631031098 70.29155421897511 68.58863867678525 66.90275226531813 
49.42844450370445 50.94385744072403 52.46854286942072 54.00862916103103 52.46854286938101 57.12120557298845 58.72285672873108 60.32611790780917 58.7160415681147 63.581387335330966 65.23372476711732 66.9027522900175 65.22013474718483 70.29155419522473 72.01167092825769 73.74916255379564 72.01167087408119 77.27693552224396 79.06765085174328 77.27697434322585 75.5042045997935 70.29155418341395 72.01167092825769 70.29155421897511 68.58861720081377 
-9.921289093300986 52.46854119212272 54.00862916103066 55.56427187982933 54.00862916103096 58.722807470800454 60.32611790780917 61.94557364425169 60.3261179049284 65.2337247656594 66.9027522900175 68.58863867678535 66.90275229000628 72.0116709281468 73.74916255379564 75.50420459979358 73.74916255379362 79.06765085174328 80.87641500176089 79.06765085174328 77.27697434322585 72.01167092825769 73.74916255379564 72.01167092825769 70.29155421857593 
52.46418183381395 54.008629161030996 55.56427187982933 57.13562816144377 55.56427187982933 60.32611790780917 61.94557364425169 63.58138751944615 61.94557364425169 66.90275229001692 68.58863867678535 70.29155421897511 68.58863867678535 73.74916255379557 75.50420459979358 77.27697434322585 75.50420459979358 80.87641500176089 82.70344949672817 80.87641500176089 79.06765085174328 73.74916255379564 75.50420459979358 73.74916255379564 72.01167092825759 
53.9682699417699 55.5642718775337 57.13562816144377 58.72285672873108 57.13562816144376 61.945573644251155 63.58138751944615 65.23372476711732 63.58138751944615 68.58863867678535 70.29155421897511 72.01167092825769 70.29155421897511 75.50420459979358 77.27697434322585 79.06765085174328 77.27697434322585 82.70344949672817 84.54893888558401 82.70344949672817 80.87641500176089 75.50420459979358 77.27697434322585 75.50420459979358 73.74916255264077 
55.52860743408954 57.13562816144376 58.72285672873108 60.32611790780917 58.72285672873108 63.581387519443076 65.23372476711732 66.9027522900175 65.23372476711732 70.29155421897511 72.01167092825769 73.74916255379564 72.01167092825769 77.27697434322585 79.06765085174328 80.87641500176089 79.06765085174328 84.54893888558401 86.41306958139799 84.54893888558401 82.70344949672817 77.27697434322585 79.06765085174328 77.27697434322585 75.50420451847107 
57.13152475472235 58.7228567287302 60.32611790780917 61.94557364425169 63.58138751944615 65.23372476711732 66.9027522900175 68.58863867678535 70.29155421897511 72.01167092825769 73.74916255379564 75.50420459979358 77.27697434322585 79.06765085174328 80.87641500176089 82.70344949672817 84.54893888558401 86.41306958139799 88.2960298802 86.41306958139799 84.54893888558401 82.70344949672817 80.87641500176089 79.06765085174328 77.276974343035 
58.072255447157005 60.32611790780917 61.94557364425169 63.58138751944615 65.23372476711732 66.9027522900175 68.58863867678535 70.29155421897511 72.01167092825769 73.74916255379564 75.50420459979358 77.27697434322585 79.06765085174328 80.87641500176089 82.70344949672817 84.54893888558401 86.41306958139799 88.2960298802 90.19800998 88.2960298802 86.41306958139799 84.54893888558401 82.70344949672817 80.87641500176089 79.06765085174328 
53.35842153864151 61.94557364425169 63.58138751944615 65.23372476711732 66.9027522900175 68.58863867678535 70.29155421897511 72.01167092825769 73.74916255379564 75.50420459979358 77.27697434322585 79.06765085174328 80.87641500176089 82.70344949672817 84.54893888558401 86.41306958139799 88.2960298802 90.19800998 92.119202 90.19800998 88.2960298802 86.41306958139799 84.54893888558401 82.70344949672817 80.87641500176089 
58.72278665679639 60.32611790779292 61.94557364425169 63.58138751944615 65.23372476711732 66.9027522900175 68.58863867678535 70.29155421897511 72.01167092825769 73.74916255379564 75.50420459979358 77.27697434322585 79.06765085174328 80.87641500176089 82.70344949672817 84.54893888558401 86.41306958139799 92.119202 94.0598 92.119202 90.19800998 84.54893888558401 82.70344949672817 80.87641500176089 79.06765085174328 
56.87900577335847 58.72285672872991 60.32611790780917 61.94557364425169 60.32611790780917 65.23372476711732 66.9027522900175 68.58863867678535 66.9027522900175 72.01167092825769 73.74916255379564 75.50420459979358 73.74916255379564 79.06765085174328 80.87641500176089 82.70344949672817 80.87641500176089 94.0598 96.02 94.0598 92.119202 79.06765085174328 80.87641500176089 79.06765085174328 77.27697434220015 
55.54763953662948 57.13562815303111 58.72285672873059 60.32611790780917 58.722856728731074 63.58138751944613 65.23372476711732 66.9027522900175 65.23372476711732 70.29147948622322 72.01167092825769 73.74916255379564 72.01167092825769 77.27697434322585 79.06765085174328 80.87641500176089 79.06765085174328 100.0 98.0 96.02 94.0598 77.27697434322585 79.06765085174328 77.27697434322585 75.50420459929029 
32.897452816797816 55.56420117842842 57.13562816144377 58.72285672873108 57.13562815852558 61.9455736442512 63.58138751944615 65.23372476711732 63.58138744658117 68.58855702474803 70.29155421896722 72.01167092825769 70.29155420834205 75.50420459752411 77.27697434322585 79.06765085174328 100.0 0.0 100.0 98.0 96.02 75.50420459979358 77.27697434322585 75.50420459979358 73.7491621830051 
51.76842440449785 54.00579191648431 55.56427187982933 57.13562816144377 55.564271879829256 60.32611790776035 61.94557364425169 63.58138751944615 61.9455736193558 66.59766017742905 68.58863864580474 70.2915542189714 68.49947718221145 73.74882402824346 75.50420459979358 77.27697434322585 75.50420459979357 100.0 98.0 96.02 94.0598 73.74916255379563 75.50420459979358 73.74916255379564 72.0116708547399 
30.376459961655794 52.46304455636964 54.00862916103103 55.56427187982933 53.94160071962665 58.722856713004255 60.32611790780917 58.72285672873108 57.06841272664137 65.16233597540524 66.90275226761185 65.23361018056612 61.79179562061858 72.01167012979644 73.74916255376282 75.50420459979358 73.74916255376046 94.0598 96.02 94.0598 92.119202 72.0116709242808 73.74916255379564 72.01167084123377 70.2907595886202 
49.295573528661706 50.94385698896309 52.46854286942065 54.00862916103103 52.380674793686566 57.13524747999921 58.72285672873108 57.13562816140995 55.55731446252779 66.89504999247953 68.58863867678458 66.902752290004 65.22650232418819 73.65510265720552 75.50420459974066 77.27697434322585 75.50420457605759 92.119202 94.0598 92.119202 90.19800998 73.67536706278534 75.5042045979693 73.74915469632683 71.99730647419554 
41.392782682024645 49.434243506783275 50.943857426402694 52.46854286845051 50.92750195276205 55.21417742105861 57.135627959749506 55.56355304681814 53.162506350440125 68.51000460366198 70.29155421897511 72.01167092821147 70.29121911395893 75.50420459394206 77.27697434322585 79.06765085174328 77.27697430283239 90.19800998 92.119202 90.19800998 88.2960298802 75.50420459965696 77.27697434322585 75.50420459979357 65.72485969134136 
-13.487189446385777 47.915704838603716 49.43434568878346 50.94378545232953 48.69860715247135 55.959166793396136 65.23370473334272 66.82485196156429 68.5877209252881 70.29155421894554 72.01167092825769 73.74916255379564 75.50420459979358 77.27697434322583 79.06765085174328 80.87641500176089 82.70344949672817 88.2960298802 90.19800998 88.2960298802 86.41306958139799 80.87641500176088 79.06765085174328 77.276973778052 74.96207070085623 
37.78457115170386 45.40440526797265 47.18189522751451 49.35598929418291 62.80207652781703 65.23372307046218 66.90275229001746 68.58863867678535 70.29155421897511 72.01167092825769 73.74916255379564 75.50420459979358 77.27697434322585 79.06765085174328 80.87641500176089 82.70344949672817 84.54893888558401 86.41306958139799 88.2960298802 86.41306958139799 84.54893888558401 82.70344949672817 80.87641500176089 79.06765085174328 77.27634514175769 
-109.39225232581241 -13.876386987835675 44.863749366129525 41.854097843747894 -12.744802623425716 54.54939007177541 64.45598645750866 66.82908372059751 68.58863097024425 70.2123189467454 72.0116701269079 73.74916255379554 75.50420459979358 77.27697434322585 79.06765085174328 80.87641500176089 82.70344949672817 84.54893888558401 86.41306958139799 84.54893888558401 82.70344949672801 80.87641500145368 79.06765085168168 77.27696971553787 -24.002496931465394 
