[[[-1.96045719e+02 -1.06924953e+02 -1.06965497e+02 -1.95909531e+02]
  [-1.06797827e+02 -1.07075003e+02 -8.00176008e+00 -1.95889727e+02]
  [-1.06963716e+02 -1.07205984e+02 -7.60806834e+00 -1.06877740e+02]
  ...
  [-1.00408063e+02 -1.02261044e+02  1.66994369e+00 -9.85206362e+01]
  [-1.02454159e+02 -1.94094006e+02  9.39323994e-02 -1.01261644e+02]
  [-1.94219607e+02 -1.94508994e+02 -1.04097506e+02 -1.03455877e+02]]

 [[-1.95832060e+02 -8.15168994e+00 -1.07004038e+02 -1.07094149e+02]
  [-1.07197407e+02 -7.82303982e+00 -6.80344628e+00 -1.07363320e+02]
  [-1.07210260e+02 -6.32069401e+00 -7.29949157e+00 -8.00118860e+00]
  ...
  [-9.89002008e+01  1.99592059e-01  2.82613601e+00  3.37242417e+00]
  [-1.00826282e+02 -1.03025073e+02 -1.59405052e+00  1.98828981e+00]
  [-1.94132734e+02 -1.05603943e+02 -1.02154089e+02 -1.65157519e+00]]

 [[-1.07053906e+02 -7.72895018e+00 -1.06925226e+02 -1.07133394e+02]
  [-7.98685725e+00 -7.62193570e+00 -6.24125220e+00 -1.07201345e+02]
  [-7.97326928e+00 -6.43727362e+00 -5.93467087e+00 -7.97138599e+00]
  ...
  [ 1.18645458e+00  6.47106604e-01  4.85656981e+00 -9.82017786e+01]
  [-1.31596450e+00 -1.01140924e+02  3.36209678e+00  1.80343416e+00]
  [-1.04415524e+02 -1.04248107e+02 -1.01676213e+02  9.60733569e-01]]

 ...

 [[-1.06313650e+02 -3.80746065e+00 -1.05457679e+02 -1.06230671e+02]
  [-4.55888550e+00 -1.34077726e+00 -2.91420435e+00 -1.04673242e+02]
  [-2.45708588e+00 -7.53574526e-01 -2.50788202e-01 -3.56039780e+00]
  ...
  [ 1.79604149e+01  1.79597787e+01  2.45191656e+01 -7.44810763e+01]
  [ 1.51160928e+01 -8.49136316e+01  2.10359137e+01  2.10672307e+01]
  [-9.15496766e+01 -8.79152310e+01 -8.15443471e+01  1.76305713e+01]]

 [[-1.06591735e+02 -2.21493016e+00 -1.95501714e+02 -1.05522721e+02]
  [-3.39572171e+00 -2.56536767e-01 -1.02884390e+02 -1.03797038e+02]
  [-1.42898307e+00  8.32479920e-01 -1.00363135e+02 -1.40027069e+00]
  ...
  [ 2.10672395e+01  2.10669217e+01 -7.79381576e+01  2.83546284e+01]
  [ 1.79189342e+01 -8.15191642e+01 -8.12601369e+01  2.45191649e+01]
  [-8.55079150e+01 -8.38580581e+01 -1.75185220e+02  2.09821450e+01]]

 [[-1.05888273e+02 -1.04929807e+02 -1.95361349e+02 -1.95218476e+02]
  [-1.90216560e+00 -1.03278168e+02 -1.03658358e+02 -1.95161056e+02]
  [-2.94655986e-01 -1.00006552e+02 -1.02496125e+02 -1.03939139e+02]
  ...
  [ 2.45186610e+01 -8.13083256e+01 -7.83958796e+01 -7.46258596e+01]
  [ 2.10506387e+01 -1.74047959e+02 -8.20323577e+01 -7.84009355e+01]
  [-8.35037249e+01 -1.74702946e+02 -1.75087190e+02 -8.14333325e+01]]]