-4944
-6733
-6733
-5347
-5941
-6535
-6634
-605
-1732
-5842
96
-6832
-206
-4357
-1606
-5941
-7030
-5050
-5050
-5941
-5743
-6139
-6238
-408
-1712
-4456
-5743
-7624
-5446
-4951
-5842
-1014
-3043
-5446
-4654
-5542
-4125
-4456
-712
-7723
-4852
-5644
-5446
-4337
-2020
-2737
-5644
-5347
-2030
-5641
-1926
-4852
-1938
-101
-5941
-1410
-1849
-3862
-1322
-3862
-4060
-5446
-3434
-908
-203
-107
-1422
-3169
-1834
-3961
-4555
-4753
-2817
-613
-3862
-4357
-3565
-2026
-912
-5743
-4555
-5347
-3367
-2278
-3156
-5149
-1208
-3
-3664
-2971
-4744
-3070
-4258
-3862
94
-208
-3763
-1319
-4060
-616
-4060
99
-3565
-115
86
-5341
-1422
-3862
-3664
-4159
-3961
-1126
-100
-2663
-107
-3139
-3367
-2773
-2630
-3464
-814
99
-3565
-3862
97
-2377
-201
95
-3070
-3169
-3367
-2080
-3367
-2377
-1926
-3268
-3367
-5446
-3070
-312
-3070
-3664
-2575
-2134
-4753
-3367
-3268
92
-3664
-3862
-108
-1430
-3862
-2278
-121
-3664
-2575
-8
-3664
-313
-2476
-2773
-3961
-414
-2872
-3367
-3664
-3070
-2971
-3466
-517
-235
-3565
-2278
-3466
-3763
-3367
99
-1462
-2971
86
-2971
-2872
-2971
-3664
-2872
-3268
-3169
-3565
-328
-2423
-3169
-310
-413
-2971
-3664
-3169
-1882
-2476
-925
-2476
-2080
-2872
-1288
-2872
-3070
96
-3169
-3070
-537
-7
-1783
-2575
-2476
-3070
-2872
-2448
-822
-201
-2476
94
93
-1585
-1981
-1981
-868
-3268
-2872
-2080
-2278
-534
-2674
-1882
-108
-408
-1
-2565
-1882
-2179
91
-2575
-115
97
99
-213
-307
-7
-2773
-1684
-2377
-2575
-2476
-2476
-2674
-1684
99
-1783
92
-109
-1387
-1132
94
91
97
-6
97
-1655
93
97
-6
-2872
99
-2080
-2080
-5
-1387
-110
-1684
98
-5
-2377
-1981
-424
-1189
98
-2371
-1090
-911
96
96
-5
-320
98
-2674
100
-26
99
99
-1387
88
-210
-1
99
-419
-1288
-1882
-2
100
97
-7
97
93
-1486
-122
-830
-759
80
-1288
98
-127
99
-111
-2
0
93
-415
-320
100
-11
-1288
-1684
-1486
96
94
-1783
94
-761
-455
93
97
-1189
94
98
97
-1189
-6
93
97
-1288
98
-133
-21
93
92
93
-13
97
94
-630
96
-1090
-1684
-326
98
-524
-1090
96
-892
96
94
96
-10
95
95
-1189
97
99
78
-157
-496
99
-347
-496
96
-298
-109
-252
-892
-113
99
-254
-10
-14
-22
98
-108
-892
95
-4
-264
94
96
96
-272
97
88
-892
95
98
97
-595
96
95
92
-4
95
92
98
99
96
94
92
100
98
-496
-108
87
94
-595
-110
-595
-694
97
-694
96
97
97
-694
-345
97
-53
93
-217
-78
-681
-147
60
97
-8
92
97
-397
63
-496
95
96
98
-793
-793
-298
-496
99
89
73
95
-64
-694
-397
-97
-6
92
-34
-397
-892
-595
-298
-397
-273
-452
-595
56
-397
100
-44
-298
97
93
-477
-105
-298
-164
-694
97
-496
86
95
96
-2
95
100