-19805.0
-22577.0
-24557.0
-29111.0
-11503.0
-21983.0
-27824.0
-18320.0
-19112.0
-22478.0
-27428.0
-22775.0
-18768.0
-25250.0
-28418.0
-19904.0
-21785.0
-26636.0
-15628.0
-23765.0
-29507.0
-20993.0
-18419.0
-9796.0
-20399.0
-22280.0
-26834.0
-6393.0
-18245.0
-19706.0
-20399.0
-20498.0
-23072.0
-17890.0
-24260.0
-29012.0
-22874.0
-21389.0
-4754.0
-21884.0
-8907.0
-24755.0
-23468.0
-5053.0
-27527.0
-20142.0
-22478.0
-17726.0
-19904.0
-14397.0
-20597.0
-510.0
-8134.0
-21290.0
-20696.0
-20597.0
-24260.0
-24557.0
-935.0
-13221.0
-22082.0
-22082.0
-12453.0
-107.0
-20300.0
-1321.0
-21134.0
-20498.0
-23765.0
-7902.0
-12551.0
-19310.0
-19409.0
-24260.0
-22676.0
-21191.0
-21686.0
-15746.0
-25448.0
-26240.0
-3929.0
-22181.0
-22379.0
-26042.0
-24161.0
-17238.0
-5490.0
-21290.0
-22577.0
-8208.0
-23666.0
-20201.0
-25349.0
-15586.0
-24260.0
-13804.0
-22577.0
-25151.0
-21983.0
-19508.0
-20201.0
-21488.0
-16929.0
-20894.0
-1438.0
-24161.0
-20300.0
-22874.0
-22775.0
-1119.0
-23567.0
-1997.0
-7476.0
-9288.0
-22874.0
-21587.0
-20795.0
-6190.0
-18518.0
-20993.0
-23270.0
-18716.0
-25943.0
-23915.0
-14786.0
-21389.0
-22676.0
-20084.0
-17726.0
-20201.0
-21785.0
-20993.0
-25052.0
-305.0
-21116.0
-7558.0
-21884.0
-17948.0
-23468.0
-29705.0
-24557.0
-18023.0
-2429.0
-23963.0
-17627.0
-17825.0
-12621.0
-19706.0
-23765.0
-23369.0
-23072.0
-1523.0
-22181.0
-18419.0
-6670.0
-21389.0
-1962.0
-22577.0
-20201.0
-21983.0
-20597.0
-17924.0
-22973.0
-23369.0
-20498.0
-25448.0
-21686.0
-309.0
-23963.0
-24755.0
-21290.0
-23739.0
-20498.0
-10329.0
-19805.0
-12105.0
-19409.0
-19904.0
-19013.0
-21191.0
-5203.0
-18189.0
-3460.0
-17528.0
-21587.0
-5566.0
-20300.0
-15201.0
-24260.0
-13261.0
-5064.0
-19211.0
-22478.0
-7523.0
-24458.0
-20498.0
-19706.0
-22280.0
-20696.0
-19904.0
-203.0
-18023.0
-16967.0
-23072.0
-4613.0
-5087.0
-24260.0
-18122.0
-3045.0
-16934.0
-24359.0
-24260.0
-19211.0
-20498.0
-16043.0
-7922.0
-24260.0
-20993.0
-17301.0
-19375.0
-20003.0
-18716.0
-3689.0
-20300.0
-22181.0
-22960.0
-25943.0
-22478.0
-22379.0
-8847.0
-18419.0
-6982.0
-21884.0
-7010.0
-2724.0
-21191.0
-20003.0
-17429.0
-14484.0
-20150.0
-17033.0
-5977.0
-19310.0
-19022.0
-22478.0
-18221.0
-23666.0
-20597.0
-21686.0
-20003.0
-3082.0
-9201.0
-21488.0
-24062.0
-22082.0
-21587.0
-20696.0
-21389.0
-21191.0
-9836.0
-19211.0
-20894.0
-24062.0
-19904.0
-9347.0
-19310.0
-17033.0
-15647.0
-22676.0
-16439.0
-20894.0
-5075.0
-13487.0
-22379.0
-19607.0
-19804.0
-21488.0
-18716.0
-18617.0
-21587.0
-20399.0
-22973.0
-22577.0
-20498.0
-13469.0
-24458.0
-22379.0
-18401.0
-18905.0
-18815.0
-7771.0
-21092.0
-20894.0
-21488.0
-19805.0
-19706.0
-19211.0
-12816.0
-21884.0
-17825.0
-19409.0
-20399.0
-19211.0
-20696.0
-17924.0
-13310.0
-15944.0
-14027.0
-7669.0
-19409.0
-19013.0
-15845.0
-8643.0
-14913.0
-24359.0
-5481.0
-17111.0
-725.0
-21587.0
-18611.0
-17132.0
-4467.0
-20498.0
-8384.0
-19607.0
-26705.0
-1969.0
-19508.0
-10221.0
-19013.0
-20102.0
-19409.0
-19508.0
-20399.0
-24062.0
-2126.0
-16340.0
-17132.0
-22676.0
-14954.0
-14261.0
-7973.0
-20498.0
-22973.0
-834.0
-4298.0
-8.0
-18023.0
-24260.0
-18815.0
-24359.0
-3845.0
-16142.0
-2017.0
-22676.0
-12973.0
-21686.0
-20498.0
-19508.0
-15746.0
-7457.0
99.0
-9860.0
-21092.0
-9441.0
-18914.0
-7969.0
-20003.0
-3369.0
-18617.0
-19310.0
-25151.0
-10793.0
-20300.0
-1305.0
-9519.0
-2162.0
-21587.0
0.0
-21686.0
-20199.0
-19310.0
-11564.0
-20597.0
-21290.0
-18815.0
-18518.0
-22082.0
-20795.0
-1255.0
-4978.0
-14360.0
-18320.0
-19904.0
-7475.0
-329.0
-19805.0
-4481.0
-10369.0
-1784.0
-18518.0
-8161.0
-1848.0
-3363.0
-10005.0
-4561.0
-20399.0
-3772.0
-17216.0
-26042.0
-20201.0
-7796.0
-12476.0
-17231.0
-18122.0
-20399.0
-13318.0
-3800.0
-8983.0
-16043.0
-22973.0
-9102.0
-10598.0
-13310.0
-14855.0
-1046.0
-14053.0
-16043.0
-6748.0
-13843.0
-16736.0
-22379.0
-19013.0
-19112.0
-22.0
-723.0
-19508.0
-19805.0
-21785.0
-18518.0
-2177.0
-7737.0
-11753.0
-17924.0
-414.0
-9918.0
-7984.0
-15746.0
-17429.0
-7283.0
-20300.0
-20201.0
-4360.0
-7221.0
-12811.0
-20003.0
-24062.0
-13073.0
-19211.0
-100.0
-15449.0
-17033.0
-19508.0
-2461.0
-8145.0
-7766.0
-16835.0
-4672.0
-14657.0
-14674.0
-22478.0
-15459.0
-16934.0
-1835.0
-10954.0
-17825.0
-1515.0
-17132.0
-17033.0
-15716.0
-4771.0
-17429.0
-13539.0
-13960.0
-202.0
-18914.0
-23072.0
-18617.0
-16043.0
-837.0
-5401.0
-6497.0
-917.0
-19508.0
-14855.0
-21471.0
-18604.0
-14376.0
-14478.0
-14954.0
-2527.0
-18419.0
-5933.0
-14558.0
-11508.0
-5244.0
-17726.0
-17860.0
-18518.0
-13865.0
-12677.0
-2797.0
-1222.0
-16538.0
-18815.0
-14954.0
-22379.0
-18617.0
-2077.0
-14261.0
-2654.0
-3197.0
-24260.0
-8571.0
-10196.0
-2964.0
-14759.0
-16340.0
-22577.0
-16340.0
-13172.0
-108.0
-14348.0
-15634.0
-13469.0
-12223.0
-15647.0
-531.0
-2146.0
-18041.0
-19706.0
-16241.0
-12093.0
-9942.0
-19211.0
100.0
-10418.0
-18716.0
-14954.0
-13031.0
-6157.0
-6627.0
-2229.0
-733.0
-8583.0
-3673.0
-18815.0
-11552.0
-1556.0
-9541.0
-1839.0
-16538.0
-15647.0
-200.0
-18512.0
-919.0
-2465.0
-13370.0
-9853.0
-3390.0
-15585.0
-14459.0
-12776.0
-15251.0
-12938.0
-3963.0
-1836.0
-20399.0
-9191.0
-14855.0
-14355.0
-12058.0
96.0
-15944.0
-25547.0
-14448.0
-19409.0
-16637.0
-6552.0
-15591.0
-16538.0
-17033.0
-110.0
-20003.0
-422.0
-21754.0
-9952.0
-13667.0
-22181.0
-2124.0
-3429.0
-2345.0
-9061.0
-15702.0
-5823.0
-950.0
-2710.0
-12776.0
-11811.0
-1421.0
-18320.0
-15435.0
-17825.0
-13134.0
-12238.0
-11262.0
-20894.0
-3369.0
-21686.0
-11786.0
-7279.0
-14954.0
-10382.0
-17429.0
-521.0
-12868.0
-20993.0
-12611.0
-7251.0
-14732.0
-11885.0
-6347.0
-1553.0
97.0
-2145.0
-14404.0
-21389.0
-16637.0
-13421.0
-12380.0
-8052.0
-17924.0
-18716.0
-1336.0
-10005.0
-14261.0
-10804.0
-1137.0
-3650.0
-7806.0
-2959.0
-19508.0
-9479.0
-17627.0
-12485.0
-13898.0
-17429.0
-305.0
-14258.0
-4689.0
-3659.0
-15053.0
-13964.0
-9888.0
-21092.0
-3262.0
-12380.0
-12026.0
-1284.0
-12479.0
-16012.0
-16332.0
-9951.0
-14756.0
-16357.0
-2360.0
-9951.0
-21191.0
-15458.0
-3150.0
-10736.0
-14855.0
-2614.0
-13271.0
-12500.0
-5739.0
-17033.0
-17825.0
-3153.0
-4520.0
-12940.0
-12958.0
-2715.0
-3674.0
-17627.0
-9768.0
-8480.0
-4425.0
-5144.0
-15845.0
-6243.0
-8369.0
-5175.0
-11267.0
-13370.0
-7361.0
-11489.0
-1730.0
-9711.0
-9117.0
-4976.0
-5048.0
-14615.0
-11575.0
-15117.0
-16538.0
-345.0
-3241.0
-13605.0
-2357.0
-8145.0
-13073.0
-1789.0
-16138.0
-8144.0
-14360.0
-7166.0
-8785.0
-6191.0
-4797.0
-10626.0
-11291.0
-2880.0
-8485.0
-2491.0
-8658.0
-7577.0
-7621.0
-2850.0
-8962.0
-15845.0
-12472.0
-1.0
-13280.0
-10508.0
-14149.0
-13469.0
-14360.0
-13612.0
-13287.0
-10948.0
-13213.0
-3710.0
-4426.0
-2243.0
91.0
-1737.0
-11984.0
-7474.0
-19112.0
89.0
-12479.0
-13226.0
-11526.0
-8142.0
-6583.0
-6351.0
-12974.0
-15932.0
-4315.0
-13469.0
-9157.0
-15251.0
-1118.0
-19904.0
-6738.0
-5014.0
-17924.0
-4826.0
-14459.0
-5027.0
-16280.0
-2897.0
-5155.0
-6439.0
-611.0
-17726.0
-6828.0
-5771.0
-513.0
-14360.0
-15944.0
-11192.0
-6342.0
-15147.0
-3730.0
-4279.0
-15802.0
-1933.0
-7216.0
-1033.0
-10004.0
-3570.0
-8781.0
-2862.0
-13716.0
-2044.0
-771.0
-13766.0
-3082.0
-12182.0
-7097.0
-13865.0
-6085.0
-3783.0
-15449.0
-11724.0
-10042.0
-9227.0
-4817.0
-4846.0
-3362.0
-12114.0
-13667.0
-13073.0
-5987.0
-416.0
-5364.0
-2847.0
-3738.0
-4523.0
-2689.0
-7575.0
-9128.0
-5115.0
-9516.0
-7528.0
-7022.0
-1973.0
-14063.0
-7920.0
-2039.0
-311.0
-2715.0
-12046.0
-3613.0
-18419.0
-1968.0
95.0
-427.0
-9398.0
-5934.0
-4917.0
-11593.0
-3851.0
-12420.0
-9315.0
-14813.0
-3527.0
-15622.0
-4473.0
-11192.0
-4593.0
-13469.0
-2122.0
-2232.0
-3410.0
-6034.0
-107.0
-14954.0
-11093.0
-1477.0
-2062.0
-4025.0
-10773.0
-11786.0
-10530.0
-2696.0
-7517.0
-13271.0
91.0
-112.0
-4528.0
-9171.0
-2183.0
-3745.0
-3291.0
-1545.0
-6166.0
-5733.0
-9194.0
-1387.0
-2701.0
-4847.0
-2678.0
-7395.0
-6063.0
-1545.0
-1668.0
-2223.0
100.0
-2579.0
-2631.0
-6463.0
-6913.0
-18320.0
-7060.0
-4784.0
-35.0
-4687.0
-18815.0
-9679.0
-10202.0
-16043.0
-6001.0
-1237.0
-6226.0
-12426.0
-1127.0
-1237.0
-5288.0
-6404.0
-9608.0
-11984.0
-11345.0
-2645.0
-11192.0
-5180.0
-2347.0
-14459.0
-7009.0
-6688.0
-1393.0
-4383.0
-5666.0
-4456.0
-7950.0
-1335.0
-3969.0
-4688.0
-607.0
-7562.0
-4935.0
-9974.0
-14737.0
-4215.0
-4148.0
-3113.0
-2880.0
-3437.0
-1852.0
-13539.0
-2213.0
-3215.0
-4404.0
-7558.0
-19508.0
-4444.0
-9617.0
-6272.0
-8179.0
-10587.0
-7899.0
-4236.0
-1613.0
-2438.0
-9871.0
-6510.0
-16131.0
-2370.0
-7988.0
-6904.0
-3080.0
-2077.0
-1238.0
-2906.0
-1842.0
-6744.0
100.0
-4345.0
-950.0
-3685.0
-9395.0
-10994.0
-4439.0
-2184.0
-3916.0
-5311.0
-10485.0
-647.0
-531.0
98.0
-15944.0
-1969.0
-1536.0
-1590.0
-2011.0
-7813.0
-8935.0
-5249.0
-2678.0
-4381.0
-7384.0
-1844.0
-3597.0
-1364.0
84.0
-5370.0
-15402.0
-3530.0
-13811.0
-1036.0
-4718.0
-6707.0
-3040.0
-25.0
-1483.0
-2504.0
-2551.0
-1873.0
-969.0
-8291.0
-1139.0
-6405.0
-4005.0
-10856.0
-3139.0
-726.0
-12222.0
-4864.0
-8636.0
-3130.0
-4389.0
-10075.0
-9342.0
-724.0
-722.0
-14756.0
-1736.0
-3781.0
-8690.0
-9.0
-834.0
-2527.0
-12150.0
-4242.0
-2175.0
-10100.0
-2248.0
-6188.0
-3912.0
-11272.0
-2071.0
-4413.0
-2585.0
-10789.0
-5339.0
-519.0
-3787.0
-5661.0
-4648.0
-3414.0
-2504.0
-2671.0
-6763.0
-10060.0
-2082.0
-1113.0
-3090.0
-519.0
-1047.0
-4642.0
-1518.0
-1360.0
-9613.0
-913.0
-4033.0
-9975.0
-416.0
-4119.0
-9391.0
-3433.0
-2988.0
-2355.0
-12776.0
-3042.0
-1591.0
-3805.0
-1558.0
-2824.0
-8567.0
-13469.0
-4711.0
-8872.0
-2360.0
-8012.0
-4977.0
-5530.0
-434.0
-1580.0
-2733.0
-8448.0
-1898.0
-10198.0
-8206.0
-1220.0
-723.0
-501.0
-1897.0
-4922.0
-5703.0
-665.0
-5932.0
-3822.0
-9661.0
-8063.0
-2234.0
-4021.0
-421.0
-3909.0
-4522.0
-6579.0
-1317.0
-10499.0
-4976.0
-3553.0
-1842.0
-2366.0
-6892.0
-1359.0
-6766.0
-3204.0
-10344.0
-3107.0
-2472.0
-2637.0
-6325.0
-1186.0
-8731.0
-1325.0
-4199.0
-2528.0
-2245.0
-211.0
-1266.0
-5377.0
-4928.0
-431.0
-7151.0
-933.0
-5505.0
-3387.0
-2950.0
-925.0
-3857.0
-127.0
-4801.0
-2364.0
-540.0
-1871.0
-22.0
-8770.0
-327.0
-1122.0
-1328.0
-4646.0
-3400.0
-4049.0
-315.0
-9653.0
-4209.0
-4121.0
-1351.0
-5118.0
-2195.0
-5099.0
-2876.0
-3080.0
-336.0
-1264.0
-1447.0
-3392.0
-6862.0
-419.0
-3270.0
-7642.0
-12578.0
-421.0
-3087.0
-826.0
-9534.0
-2334.0
-6547.0
-4254.0
-3776.0
-3239.0
-10284.0
-1779.0
-1457.0
-9347.0
-3082.0
-4552.0
-2445.0
-1705.0
-12522.0
-1379.0
-1841.0
-1963.0
-1955.0
-2461.0
-4393.0
-3478.0
-112.0
-757.0
-1246.0
-5139.0
93.0
-2776.0
-4708.0
-961.0
-3198.0
-1754.0
-3381.0
-2809.0
-3669.0
-2960.0
-210.0
-1259.0
-8754.0
-642.0
-1250.0
-2679.0
-6473.0
-5945.0
-3449.0
-7748.0
-1257.0
-7533.0
-9921.0
-4437.0
-3493.0
-1867.0
-956.0
-5237.0
-3091.0
-913.0
-713.0
-5946.0
-4076.0
-7118.0
-1266.0
-5564.0
-4364.0
-6315.0
-821.0
-6453.0
-2515.0
-1048.0
-230.0
-1357.0
-4915.0
-2256.0
-330.0
-2200.0
-5226.0
-4624.0
-134.0
-1370.0
-2752.0
-2161.0
-3066.0
-1508.0
-2804.0
-5052.0
-115.0
-4386.0
-7797.0
-1795.0
-3152.0
-4857.0
-4517.0
-3882.0
-4961.0
-8653.0
-3300.0
-4065.0
-2637.0
-219.0
-1376.0
-1436.0
-6123.0
-9304.0
-2575.0
-4472.0
-831.0
-121.0
-437.0
-883.0
-1240.0
-36.0
-2988.0
-1629.0
-329.0
-1043.0
-5381.0
-3386.0
-5352.0
-2935.0
-4285.0
-964.0
-6937.0
-3202.0
-4663.0
-3099.0
-842.0
-3534.0
-8487.0
-7596.0
-863.0
-5000.0
-907.0
-2472.0
-3280.0
-3339.0
-519.0
-2148.0
-1541.0
-1282.0
-6086.0
-3893.0
-959.0
-341.0
-2450.0
-1642.0
-4365.0
-1565.0
-1045.0
-4225.0
-537.0
-2099.0
-922.0
-2196.0
-3919.0
-5312.0
-839.0
-2338.0
-728.0
-9409.0
-1183.0
-521.0
-5054.0
-1452.0
-9950.0
-2458.0
-221.0
-2567.0
-3295.0
-518.0
-1564.0
-637.0
-1566.0
84.0
-5285.0
-8397.0
-439.0
-1447.0
-3569.0
-2346.0
-731.0
-2589.0
-1349.0
-3061.0
-644.0
-2897.0
-729.0
-832.0
-6666.0
-3633.0
-2525.0
-423.0
-1190.0
-1551.0
-2672.0
-5237.0
-2297.0
-2009.0
-3514.0
-940.0
-1157.0
-1048.0
-746.0
-4024.0
-119.0
-7667.0
-1122.0
-956.0
-4324.0
-1208.0
-857.0
96.0
-1427.0
-2117.0
-4198.0
-926.0
-1454.0
-132.0
-8317.0
-2839.0
-1654.0
-526.0
-2210.0
-2799.0
-437.0
-1632.0
-200.0
-7613.0
-4379.0
-847.0
-53.0
-1091.0
-4005.0
-2485.0
-535.0
-3635.0
-8568.0
-4307.0
-2237.0
-3669.0
-1865.0
-3524.0
-242.0
-243.0
-6122.0
-6960.0
-3998.0
-15.0
-3960.0
-24.0
-363.0
-1120.0
-6179.0
-1387.0
-8213.0
-35.0
-448.0
-1596.0
-523.0
-3330.0
-1563.0
-1733.0
-4080.0
-369.0
-1047.0
-1679.0
-3769.0
-1278.0
-218.0
-5346.0
-559.0
-2152.0
-1151.0
-1638.0
-932.0
-1327.0
-4739.0
-1137.0
-3960.0
-524.0
-2973.0
75.0
-2248.0
-6398.0
-2163.0
-4366.0
-3674.0
-3525.0
-1087.0
-2072.0
-3452.0
-6090.0
-4023.0
-1946.0
-5358.0
-3498.0
-1175.0
93.0
-1381.0
-1955.0
-8.0
-233.0
-1302.0
-3331.0
-1466.0
-1983.0
-4184.0
-1188.0
-3166.0
-2050.0
-2312.0
-667.0
-1296.0
-1669.0
-3779.0
-866.0
-2581.0
-3592.0
-1873.0
-3220.0
-349.0
-1803.0
-2726.0
-2082.0
-1463.0
-1443.0
-5963.0
-3729.0
-755.0
-1881.0
-3825.0
-477.0
-1142.0
-1854.0
-1891.0
-4116.0
-533.0
-6028.0
-3338.0
-553.0
-2314.0
-3375.0
-218.0
-1448.0
-2812.0
-1601.0
-1165.0
-841.0
-660.0
-311.0
-3331.0
-2640.0
-1947.0
-342.0
-4059.0
-2210.0
-2535.0
-1056.0
-2899.0
-2592.0
-533.0
-1869.0
-231.0
-2430.0
-1856.0
-2377.0
-1496.0
-1914.0
-2291.0
-951.0
-2699.0
-5476.0
-3715.0
-1703.0
-1341.0
-2867.0
-2194.0
-9989.0
-312.0
-4674.0
-2591.0
-2457.0
-23.0
-3962.0
-433.0
-2750.0
-752.0
-5013.0
-2535.0
-1756.0
-4011.0
-1219.0
-1360.0
-939.0
-2419.0
-3460.0
-32.0
-1940.0
-4379.0
-362.0
-4302.0
-1345.0
-1783.0
-231.0
-606.0
-2727.0
-2252.0
-1344.0
-657.0
-3872.0
-6134.0
-1064.0
-2057.0
-2556.0
-859.0
-2405.0
-2206.0
-1684.0
-6.0
-29.0
-654.0
-1854.0
-1381.0
-7641.0
-3522.0
-3682.0
-743.0
-3950.0
-1688.0
-2785.0
-535.0
-747.0
-3728.0
-3725.0
-2250.0
-142.0
-4378.0
-1423.0
-452.0
-1561.0
-1267.0
-334.0
-3306.0
-5309.0
-1759.0
-26.0
-2356.0
-1405.0
-5567.0
-2126.0
-2371.0
-2249.0
-1118.0
-3437.0
-2020.0
-2810.0
94.0
-2466.0
-4074.0
-223.0
-744.0
-4858.0
-424.0
-1413.0
-1783.0
-1176.0
-1781.0
-2991.0
-1247.0
-2313.0
-116.0
-1156.0
-5087.0
-135.0
-1164.0
-339.0
-1281.0
-1863.0
-931.0
-1050.0
-4773.0
-2058.0
-1041.0
-1967.0
-3122.0
-1046.0
-2814.0
-2005.0
-1238.0
-1996.0
-352.0
-913.0
-1183.0
-1056.0
-5.0
-819.0
-518.0
-1929.0
-1774.0
-226.0
-1079.0
-1038.0
-104.0
100.0
92.0
-127.0
-1138.0
-1669.0
-749.0
-1447.0
-328.0
-5317.0
-1401.0
-1466.0
-224.0
-1155.0
-1584.0
-561.0
-449.0
-4213.0
-218.0
-1388.0
-3474.0
-5589.0
-1597.0
-2881.0
-3364.0
-537.0
-1586.0
-1153.0
-738.0
-3000.0
-1763.0
-3053.0
-1364.0
-843.0
-1999.0
-1270.0
-1541.0
-225.0
-1383.0
-2594.0
-751.0
-785.0
-625.0
-937.0
-3678.0
-522.0
-2935.0
-1972.0
-651.0
-756.0
-1165.0
91.0
-744.0
-1033.0
-3974.0
-869.0
-342.0
-2002.0
-2699.0
-1499.0
-212.0
-1367.0
-4185.0
-1043.0
-948.0
-1063.0
-1466.0
-2122.0
-2743.0
-442.0
94.0
-2277.0
-845.0
-1864.0
-320.0
-328.0
-3423.0
-442.0
-1270.0
-1285.0
-366.0
-950.0
-3692.0
-1385.0
-316.0
-873.0
-2064.0
-1345.0
-2471.0
-57.0
-853.0
-3818.0
-942.0
-482.0
-925.0
-457.0
-839.0
-2724.0
-1140.0
-1351.0
-2266.0
-523.0
-2510.0
-1157.0
-688.0
-2463.0
-3563.0
-1261.0
-2925.0
-4906.0
-674.0
53.0
-833.0
-767.0
-851.0
-1526.0
-1607.0
-1632.0
-14.0
-2361.0
-1107.0
-2082.0
-1976.0
-939.0
-784.0
-229.0
-845.0
-1955.0
-2179.0
-1365.0
-1380.0
-574.0
-828.0
-569.0
-671.0
-1957.0
-1694.0
-505.0
-3868.0
-255.0
-119.0
-128.0
-948.0
-1168.0
-21.0
-1452.0
-838.0
96.0
-3532.0
-1050.0
-3367.0
-2052.0
-20.0
-541.0
-4100.0
-1114.0
-3104.0
-1952.0
-817.0
-662.0
-2515.0
-1057.0
-1448.0
-831.0
-433.0
-658.0
-1688.0
-1457.0
-1443.0
-1692.0
-1267.0
-3411.0
-549.0
-1762.0
-2184.0
-731.0
-1652.0
-1963.0
-560.0
-121.0
-528.0
-222.0
-230.0
-248.0
95.0
-1561.0
-963.0
-1352.0
-773.0
-241.0
-423.0
-1274.0
-1358.0
-2297.0
-1938.0
-937.0
-1469.0
-826.0
-1365.0
-316.0
-1179.0
-213.0
-751.0
-260.0
-435.0
-2400.0
-728.0
-14.0
-417.0
-1803.0
-531.0
-846.0
-1119.0
-105.0
-1281.0
-2114.0
-2664.0
-3416.0
-127.0
-1588.0
-277.0
-853.0
-1162.0
-4456.0
-957.0
-2582.0
-1191.0
-1030.0
-342.0
-340.0
-773.0
-829.0
-6.0
-1378.0
-2892.0
-1056.0
-1961.0
-304.0
-675.0
97.0
-2697.0
-924.0
-1105.0
-136.0
-2777.0
-1159.0
-1982.0
-2357.0
-212.0
-1357.0
87.0
-3573.0
-1792.0
-2502.0
-14.0
-1785.0
-1367.0
-531.0
-1460.0
-2315.0
87.0
-651.0
88.0
-2784.0
-1741.0
-730.0
-165.0
-635.0
-1172.0
-884.0
-2103.0
-1479.0
-537.0
-4218.0
-3496.0
-141.0
-126.0
-625.0
-1600.0
-115.0
-1612.0
-345.0
-1869.0
-1669.0
-1512.0
-4008.0
-522.0
-216.0
-576.0
-931.0
-1331.0
-657.0
-338.0
-937.0
-1336.0
-1279.0
-1142.0
-539.0
-1156.0
-43.0
-28.0
-2040.0
-557.0
-571.0
0.0
-1753.0
-820.0
-932.0
-2354.0
-749.0
-960.0
-1905.0
-209.0
-729.0
-985.0
-1253.0
-174.0
-513.0
-1241.0
87.0
-618.0
-332.0
-344.0
-1030.0
-2063.0
-1759.0
-3790.0
-1658.0
-343.0
-742.0
-679.0
86.0
89.0
-1404.0
-347.0
-1172.0
-126.0
-754.0
-737.0
83.0
-232.0
-2269.0
-294.0
-233.0
-1972.0
-2696.0
-836.0
-823.0
-1855.0
-1149.0
95.0
-32.0
-3000.0
-1835.0
-3771.0
-717.0
-521.0
-1039.0
-738.0
-561.0
-880.0
-2976.0
-943.0
-2158.0
-1041.0
-425.0
-969.0
76.0
-3542.0
-1133.0
-1380.0
-333.0
-940.0
-2463.0
-617.0
-2875.0
-228.0
-1669.0
-919.0
-218.0
-2185.0
-669.0
95.0
-1543.0
-1031.0
-929.0
-958.0
-2044.0
-1265.0
-614.0
-623.0
-1659.0
-1285.0
-1295.0
-2473.0
-1245.0
-130.0
81.0
-453.0
-1367.0
-627.0
-312.0
-1115.0
-1475.0
-445.0
-351.0
-2988.0
-1453.0
-659.0
-532.0
-527.0
-1987.0
-247.0
-1363.0
-1451.0
-2.0
-1078.0
-960.0
-27.0
-1472.0
-469.0
-1211.0
-1774.0
81.0
-584.0
-135.0
-633.0
67.0
-1172.0
92.0
85.0
-643.0
-2154.0
-5.0
-336.0
-117.0
-235.0
-854.0
-479.0
-732.0
-132.0
-452.0
-207.0
-1047.0
-958.0
-636.0
-437.0
-436.0
-740.0
-513.0
-980.0
-226.0
-1655.0
-1152.0
-1148.0
-631.0
-2276.0
-768.0
-631.0
-103.0
-350.0
68.0
-355.0
-1144.0
-537.0
-115.0
-1344.0
-1207.0
-575.0
-1088.0
-2274.0
-2457.0
-1154.0
91.0
-1559.0
-125.0
-841.0
-142.0
-31.0
-321.0
-1411.0
74.0
-328.0
-413.0
-2289.0
67.0
-534.0
-830.0
-322.0
-644.0
-1977.0
-341.0
-8.0
-528.0
-1294.0
-654.0
-233.0
-1246.0
-2078.0
-3932.0
-647.0
99.0
-126.0
-217.0
-734.0
-218.0
-955.0
-1162.0
-836.0
-643.0
-422.0
-761.0
-118.0
-448.0
-1341.0
-548.0
81.0
-1684.0
-1270.0
-108.0
-312.0
-1062.0
-226.0
-644.0
-434.0
-133.0
-941.0
-938.0
-424.0
-35.0
-146.0
-1657.0
-488.0
-428.0
-1077.0
-336.0
88.0
-1392.0
-1203.0
-996.0
-768.0
-825.0
-518.0
-1739.0
-3.0
-1482.0
-662.0
-1664.0
-139.0
99.0
-1054.0
-652.0
-1383.0
-1087.0
-1184.0
-744.0
-1473.0
-943.0
-1364.0
-839.0
-1055.0
-200.0
-452.0
-633.0
-642.0
-220.0
-560.0
-456.0
-1058.0
76.0
-340.0
-1345.0
-439.0
-323.0
-2173.0
-3503.0
91.0
-872.0
-422.0
-327.0
-956.0
-839.0
-543.0
-566.0
-105.0
-1062.0
63.0
-231.0
-947.0
77.0
-1351.0
-1150.0
-438.0
-15.0
-661.0
-33.0
-325.0
-967.0
-114.0
-252.0
-116.0
-41.0
-728.0
-634.0
-429.0
-1565.0
-956.0
-110.0
-226.0
-357.0
-426.0
-1055.0
-1341.0
-1256.0
-747.0
-238.0
-349.0
-525.0
-1665.0
-234.0
-261.0
79.0
-982.0
-419.0
-2078.0
-225.0
-1776.0
-34.0
-335.0
-443.0
-136.0
-1183.0
-115.0
-672.0
-29.0
-347.0
-345.0
-462.0
97.0
-841.0
-622.0
-354.0
-27.0
-231.0
-338.0
-127.0
-530.0
-344.0
-1271.0
-1280.0
-547.0
-409.0
-1876.0
86.0
99.0
-344.0
-632.0
-536.0
-215.0
-445.0
-42.0
-1665.0
-1475.0
-241.0
-412.0
-137.0
-1470.0
-1361.0
-641.0
-751.0
-121.0
-424.0
-2320.0
81.0
-1196.0
-565.0
-432.0
-349.0
-25.0
-15.0
-859.0
-122.0
89.0
-459.0
-402.0
-1589.0
-970.0
-344.0
45.0
-117.0
-325.0
-1144.0
-131.0
-242.0
-431.0
-640.0
-111.0
-326.0
-843.0
-539.0
-1448.0
-1464.0
-958.0
-563.0
-844.0
-119.0
-347.0
-1741.0
80.0
-410.0
-15.0
-163.0
-111.0
-846.0
-337.0
98.0
-547.0
-745.0
-629.0
-974.0
-128.0
-456.0
-124.0
-356.0
-336.0
-1687.0
87.0
-742.0
-127.0
-8.0
-971.0
-1463.0
-843.0
-771.0
-15.0
-1059.0
-642.0
-550.0
-865.0
-730.0
-223.0
-1481.0
-342.0
-469.0
-123.0
-228.0
-446.0
-1471.0
-881.0
-484.0
-344.0
-882.0
-442.0
74.0
-732.0
-1137.0
-352.0
-547.0
-114.0
-241.0
-29.0
-583.0
-724.0
-654.0
-115.0
-121.0
-435.0
-140.0
-1410.0
-119.0
-827.0
-122.0
-9.0
-126.0
-829.0
67.0
-11.0
97.0
-639.0
-337.0
-115.0
-522.0
-152.0
-43.0
-1347.0
-53.0
-332.0
-224.0
66.0
-640.0
-155.0
-1619.0
-1174.0
-106.0
-140.0
-511.0
-245.0
-1078.0
-140.0
-1140.0
98.0
-223.0
-118.0
-12.0
-1057.0
-252.0
-654.0
-237.0
-1129.0
-429.0
-16.0
-542.0
-221.0
-42.0
-950.0
-1156.0
-239.0
-533.0
-320.0
-10.0
-424.0
53.0
-726.0
-2023.0
-241.0
-351.0
-944.0
-2588.0
-44.0
-236.0
-320.0
-345.0
-432.0
-646.0
-234.0
-34.0
-128.0
-117.0
-427.0
-719.0
-528.0
-1061.0
-229.0
-17.0
-29.0
-125.0
-529.0
-1094.0
-119.0
-44.0
-529.0
-346.0
-1266.0
-471.0
-519.0
-540.0
-218.0
-474.0
-116.0
-2286.0
-637.0
-547.0
-323.0
-753.0
-542.0
98.0
-447.0
-415.0
-1150.0
-30.0
-340.0
-16.0
-27.0
-32.0
-346.0
-437.0
-959.0
-1544.0
79.0
-221.0
-229.0
-672.0
84.0
-334.0
-35.0
-640.0
-245.0
-874.0
-433.0
-232.0
-19.0
-330.0
-546.0
-148.0
-528.0
-1258.0
-659.0
-517.0
-458.0
-164.0
-1062.0
86.0
-229.0
-1179.0
-229.0
-344.0
-441.0
-325.0
-534.0
-775.0
-220.0
-120.0
-518.0
66.0
-847.0
-212.0
92.0
-62.0
-664.0
-1571.0
-131.0
-426.0
-349.0
-333.0
-747.0
-425.0
-417.0
-118.0
-330.0
-32.0
-239.0
-351.0
-1879.0
-222.0
-122.0
93.0
-50.0
-245.0
-738.0
-219.0
-4.0
-433.0
-120.0
-533.0
91.0
-337.0
-1049.0
-226.0
-130.0
-17.0
-237.0
83.0
76.0
-829.0
-256.0
89.0
81.0
-269.0
-749.0
-337.0
-323.0
-434.0
-136.0
-133.0
-232.0
-267.0
-1259.0
-337.0
-23.0
-734.0
-320.0
-654.0
-225.0
-353.0
-232.0
-112.0
-942.0
100.0
-339.0
-239.0
-857.0
75.0
-840.0
-1041.0
-228.0
-340.0
-845.0
-331.0
-15.0
-2148.0
-12.0
88.0
-234.0
-135.0
-54.0
-429.0
-250.0
-335.0
-20.0
-851.0
-219.0
-228.0
-134.0
-230.0
-1377.0
-124.0
-319.0
-253.0
-3.0
-1355.0
88.0
-661.0
-130.0
-334.0
-58.0
-19.0
-250.0
-1042.0
-628.0
-321.0
-743.0
71.0
-1862.0
92.0
-18.0
-432.0
-540.0
-19.0
-30.0
-240.0
-247.0
-439.0
-313.0
-12.0
-127.0
-1144.0
-963.0
-111.0
-125.0
-630.0
-319.0
69.0
63.0
-423.0
-864.0
-467.0
-836.0
-2145.0
-224.0
-320.0
87.0
-119.0
-1649.0
-115.0
-20.0
-763.0
-628.0
-435.0
-334.0
-351.0
-332.0
-537.0
-1165.0
-322.0
-1162.0
93.0
81.0
-654.0
-167.0
-241.0
-436.0
92.0
-353.0
-51.0
-640.0
-665.0
-634.0
-555.0
-337.0
-623.0
-135.0
-652.0
-345.0
-440.0
-120.0
-26.0
-132.0
-240.0
-423.0
-580.0
-114.0
-33.0
-123.0
82.0
-232.0
-434.0
-122.0
-640.0
-438.0
-21.0
92.0
-16.0
-421.0
-118.0
-756.0
-639.0
-16.0
-28.0
-1149.0
-239.0
-542.0
-12.0
89.0
-330.0
-517.0
-311.0
-41.0
-447.0
-1243.0
-648.0
-18.0
-15.0
-223.0
-126.0
-260.0
-21.0
-10.0
-135.0
-544.0
91.0
-307.0
-459.0
-762.0
-348.0
-263.0
-933.0
95.0
92.0
-337.0
83.0
-642.0
-1240.0
-547.0
84.0
-453.0
97.0
-321.0
-219.0
-2.0
-130.0
-426.0
-30.0
-972.0
-118.0
-135.0
-334.0
-24.0
-30.0
97.0
91.0
-846.0
84.0
-1773.0
-25.0
-433.0
-347.0
-1051.0
-1879.0
-422.0
74.0
-120.0
69.0
70.0
-215.0
-210.0
-936.0
-19.0
91.0
88.0
-422.0
-770.0
-645.0
99.0
-1058.0
-940.0
-328.0
-241.0
-828.0
-118.0
-315.0
-20.0
-38.0
-644.0
-1544.0
-623.0
95.0
-13.0
82.0
-647.0
-450.0
-22.0
72.0
-841.0
-321.0
-120.0
76.0
-11.0
-4.0
-323.0
-231.0
-331.0
-328.0
-124.0
-116.0
99.0
-28.0
-237.0
-1282.0
-266.0
-535.0
-556.0
-451.0
-127.0
-313.0
-138.0
-133.0
94.0
-17.0
-217.0
-244.0
-439.0
85.0
90.0
-454.0
81.0
67.0
79.0
-31.0
-540.0
-1347.0
-853.0
-104.0
-119.0
-133.0
-753.0
-461.0
-346.0
-1560.0
58.0
-879.0
-257.0
-54.0
-16.0
-126.0
-640.0
-441.0
-513.0
-322.0
-228.0
-316.0
-134.0
-47.0
-436.0
-30.0
-11.0
62.0
90.0
-18.0
-757.0
-448.0
-20.0
-224.0
-332.0
-511.0
-29.0
-34.0
-119.0
88.0
-219.0
-239.0
-10.0
-641.0
82.0
-22.0
-17.0
-730.0
94.0
-2278.0
-458.0
-16.0
-540.0
87.0
-632.0
-659.0
-533.0
-312.0
-436.0
-240.0
-368.0
-640.0
-214.0
-217.0
-436.0
-48.0
-22.0
-117.0
-146.0
-14.0
-40.0
88.0
-23.0
80.0
-570.0
73.0
-446.0
-333.0
-33.0
-242.0
-15.0
-737.0
-131.0
-134.0
-410.0
86.0
94.0
-9.0
-439.0
-1159.0
-250.0
-537.0
-640.0
97.0
-430.0
-335.0
-1177.0
-226.0
-530.0
-129.0
-318.0
-349.0
-10.0
86.0
-140.0
-336.0
-46.0
-527.0
-31.0
-844.0
-154.0
84.0
-30.0
83.0
79.0
-457.0
-542.0
-123.0
-336.0
-17.0
-229.0
-315.0
-439.0
-133.0
-1350.0
-25.0
75.0
-136.0
-135.0
91.0
-542.0
-1053.0
-243.0
-215.0
-27.0
-19.0
-341.0
-19.0
-232.0
-543.0
86.0
-231.0
81.0
91.0
-20.0
-538.0
-333.0
-519.0
-338.0
-117.0
-114.0
84.0
-1568.0
-128.0
-220.0
-242.0
-19.0
-130.0
-224.0
-124.0
-30.0
-636.0
-126.0
94.0
-216.0
-519.0
-23.0
-226.0
82.0
92.0
-133.0
-131.0
82.0
-571.0
-759.0
-961.0
-32.0
-123.0
-335.0
-856.0
-244.0
-750.0
-226.0
-442.0
74.0
-341.0
-440.0
-448.0
86.0
63.0
82.0
-433.0
-355.0
-335.0
74.0
-249.0
-226.0
78.0
-534.0
-16.0
87.0
-36.0
62.0
-16.0
-23.0
-5.0
-133.0
-220.0
-49.0
-725.0
-145.0
-230.0
91.0
91.0
-18.0
-126.0
-139.0
77.0
-341.0
-10.0
-657.0
72.0
-116.0
-18.0
-225.0
94.0
-30.0
-19.0
-135.0
88.0
-333.0
-846.0
-532.0
-321.0
-645.0
-260.0
-122.0
-209.0
-256.0
-333.0
-130.0
-14.0
-846.0
-108.0
-225.0
-8.0
-128.0
99.0
-137.0
-37.0
-249.0
-146.0
-537.0
-21.0
-238.0
64.0
-117.0
-220.0
-17.0
-22.0
-230.0
-342.0
-441.0
-118.0
-9.0
-540.0
-322.0
-325.0
-226.0
-28.0
-138.0
-347.0
-115.0
-129.0
-19.0
-553.0
-534.0
72.0
-349.0
-131.0
-222.0
-146.0
-160.0
-1039.0
-250.0
67.0
-244.0
-335.0
-123.0
-229.0
-36.0
86.0
74.0
81.0
-42.0
-448.0
68.0
-871.0
-204.0
-17.0
-152.0
94.0
-237.0
-430.0
-47.0
-736.0
71.0
-17.0
-229.0
-22.0
-21.0
-232.0
-120.0
-123.0
-28.0
-37.0
-129.0
-130.0
-344.0
-18.0
99.0
-124.0
-16.0
-537.0
-118.0
-518.0
-327.0
-23.0
64.0
-845.0
-349.0
-221.0
-221.0
-541.0
99.0
-1139.0
-532.0
-243.0
88.0
-144.0
60.0
-338.0
-115.0
77.0
-26.0
55.0
-658.0
-743.0
-20.0
-329.0
-233.0
-28.0
80.0
-533.0
94.0
76.0
-110.0
-749.0
-239.0
-238.0
-741.0
89.0
-16.0
-141.0
-19.0
73.0
-120.0
-222.0
-531.0
-428.0
75.0
98.0
-465.0
-114.0
-18.0
-660.0
-12.0
80.0
-335.0
-337.0
86.0
-128.0
-121.0
84.0
-324.0
-1138.0
-127.0
-122.0
-128.0
-120.0
-15.0
-16.0
-1078.0
-232.0
-225.0
-431.0
-220.0
81.0
-118.0
-242.0
-443.0
76.0
-24.0
-228.0
-864.0
-123.0
79.0
-232.0
-125.0
-122.0
-742.0
-120.0
-17.0
-20.0
-31.0
77.0
-16.0
-437.0
-21.0
-26.0
-532.0
86.0
-115.0
-319.0
-236.0
-221.0
-240.0
-246.0
89.0
-616.0
-429.0
-116.0
68.0
-34.0
-208.0
91.0
-239.0
-427.0
-127.0
89.0
-21.0
-21.0
66.0
-128.0
74.0
-119.0
-458.0
-742.0
-129.0
-29.0
-441.0
-638.0
-221.0
-238.0
-130.0
-637.0
-28.0
97.0
-106.0
-229.0
85.0
-558.0
88.0
-119.0
-651.0
85.0
-145.0
-980.0
-739.0
-215.0
-20.0
-138.0
78.0
-28.0
-27.0
-224.0
72.0
-7.0
84.0
78.0
-131.0
68.0
-13.0
-19.0
-531.0
-17.0
96.0
77.0
-229.0
-316.0
90.0
85.0
-344.0
99.0
-134.0
-545.0
-27.0
-127.0
79.0
-234.0
85.0
-334.0
-21.0
80.0
86.0
79.0
-16.0
-122.0
87.0
-536.0
-122.0
-326.0
93.0
-39.0
-19.0
-136.0
-141.0
-134.0
-320.0
-729.0
-239.0
-15.0
-23.0
71.0
-209.0
-34.0
-232.0
-314.0
-115.0
86.0
-329.0
-143.0
-128.0
-148.0
94.0
-28.0
-216.0
-13.0
-128.0
-21.0
-26.0
89.0
-134.0
59.0
-344.0
-716.0
-748.0
-424.0
74.0
98.0
-240.0
-325.0
-124.0
-749.0
-627.0
91.0
82.0
-11.0
-236.0
-223.0
-31.0
87.0
-29.0
74.0
91.0
-31.0
-119.0
-21.0
-18.0
79.0
-229.0
-115.0
74.0
-120.0
-233.0
-228.0
-328.0
-117.0
-337.0
82.0
92.0
-18.0
-16.0
-529.0
86.0
-231.0
-117.0
-527.0
-17.0
-11.0
90.0
-125.0
-19.0
85.0
99.0
-37.0
93.0
84.0
-309.0
-217.0
92.0
83.0
95.0
-13.0
-245.0
-236.0
88.0
-227.0
-122.0
-217.0
-449.0
97.0
-321.0
-19.0
-140.0
69.0
-60.0
-16.0
85.0
-249.0
-29.0
80.0
-432.0
93.0
-32.0
91.0
-337.0
-232.0
-25.0
-39.0
-140.0
-42.0
-727.0
-311.0
71.0
-219.0
87.0
-21.0
-18.0
93.0
90.0
-120.0
-30.0
81.0
-138.0
-219.0
-33.0
-416.0
-12.0
-128.0
71.0
-635.0
82.0
84.0
-662.0
79.0
-235.0
-237.0
92.0
-118.0
-26.0
-135.0
-133.0
97.0
71.0
77.0
86.0
-332.0
-29.0
98.0
-21.0
-26.0
88.0
88.0
-48.0
-137.0
-335.0
-43.0
-20.0
-616.0
-134.0
-121.0
-25.0
0.0
-22.0
81.0
-20.0
-58.0
-436.0
-120.0
-122.0
-8.0
83.0
-23.0
-233.0
72.0
-10.0
-19.0
-331.0
-32.0
-237.0
-632.0
-123.0
-6.0
-222.0
-21.0
83.0
-134.0
-23.0
59.0
70.0
-529.0
84.0
-239.0
-27.0
-157.0
-20.0
-130.0
85.0
78.0
-35.0
-26.0
-127.0
-145.0
-340.0
86.0
-26.0
-16.0
-14.0
-228.0
-519.0
-33.0
65.0
-232.0
-11.0
86.0
-110.0
-148.0
99.0
-147.0
-43.0
-528.0
-213.0
-237.0
-12.0
-119.0
-8.0
-207.0
-108.0
-11.0
89.0
-119.0
-431.0
94.0
-125.0
82.0
89.0
-33.0
-25.0
94.0
75.0
79.0
79.0
-239.0
78.0
93.0
-232.0
-221.0
-231.0
89.0
-19.0
-29.0
-326.0
-435.0
89.0
-31.0
73.0
-320.0
-210.0
-22.0
-239.0
-120.0
-30.0
-123.0
72.0
64.0
-126.0
88.0
79.0
85.0
-29.0
-115.0
72.0
-17.0
-222.0
-337.0
-330.0
71.0
69.0
86.0
-138.0
-447.0
73.0
-17.0
-22.0
-215.0
-124.0
92.0
72.0
92.0
-27.0
-251.0
72.0
-19.0
-14.0
78.0
64.0
94.0
-324.0
85.0
79.0
-326.0
98.0
100.0
97.0
82.0
-333.0
83.0
75.0
84.0
78.0
83.0
97.0
-215.0
73.0
-25.0
-141.0
-227.0
-234.0
-224.0
60.0
-17.0
-123.0
-42.0
-523.0
-25.0
-136.0
-731.0
-419.0
81.0
-138.0
91.0
83.0
82.0
-25.0
-318.0
87.0
81.0
90.0
81.0
-117.0
-345.0
92.0
73.0
90.0
-40.0
-8.0
90.0
-17.0
-313.0
91.0
-12.0
-139.0
72.0
64.0
-31.0
69.0
-437.0
71.0
-31.0
-522.0
83.0
98.0
89.0
79.0
90.0
75.0
-7.0
84.0
-229.0
-16.0
86.0
-240.0
72.0
-218.0
-136.0
-19.0
-31.0
-125.0
92.0
79.0
-234.0
-124.0
94.0
-145.0
-125.0
-13.0
94.0
-117.0
-11.0
-42.0
82.0
-18.0
-335.0
74.0
-28.0
-232.0
-213.0
95.0
-236.0
-26.0
-238.0
-14.0
84.0
88.0
87.0
-23.0
93.0
74.0
-24.0
53.0
89.0
-840.0
79.0
94.0
-131.0
-33.0
71.0
-22.0
-120.0
-125.0
-24.0
-119.0
-30.0
81.0
-229.0
-13.0
-125.0
-138.0
-10.0
-228.0
-129.0
-21.0
-16.0
-7.0
-31.0
-17.0
-137.0
88.0
-137.0
-225.0
-24.0
79.0
-16.0
-139.0
-37.0
85.0
93.0
89.0
65.0
82.0
-234.0
94.0
86.0
97.0
-110.0
-14.0
94.0
91.0
87.0
-37.0
-539.0
-42.0
73.0
-20.0
-2.0
-110.0
-21.0
79.0
-128.0
80.0
86.0
-132.0
-130.0
77.0
-7.0
74.0
81.0
-1.0
88.0
79.0
86.0
-112.0
90.0
88.0
92.0
-23.0
-27.0
73.0
-230.0
-335.0
77.0
-24.0
-24.0
87.0
-212.0
80.0
96.0
87.0
87.0
-125.0
92.0
-24.0
-28.0
87.0
-21.0
81.0
-14.0
-129.0
84.0
83.0
68.0
74.0
-112.0
-117.0
85.0
69.0
-125.0
83.0
-124.0
-139.0
-33.0
66.0
-12.0
-133.0
-25.0
83.0
66.0
-131.0
-17.0
-19.0
98.0
-28.0
-328.0
-136.0
91.0
96.0
-31.0
84.0
-26.0
60.0
-18.0
67.0
76.0
-35.0
66.0
76.0
-227.0
-9.0
87.0
67.0
-135.0
-15.0
91.0
-16.0
-18.0
-124.0
-14.0
-29.0
-148.0
79.0
86.0
74.0
-117.0
79.0
83.0
77.0
83.0
-233.0
-23.0
-15.0
89.0
-125.0
-122.0
57.0
-28.0
-538.0
80.0
89.0
75.0
86.0
81.0
-222.0
66.0
74.0
71.0
95.0
76.0
-344.0
-122.0
95.0
-32.0
-26.0
79.0
-118.0
79.0
-631.0
77.0
70.0
-15.0
-17.0
89.0
-123.0
-12.0
83.0
86.0
-135.0
-230.0
72.0
96.0
-4.0
-230.0
89.0
94.0
-129.0
80.0
-123.0
84.0
59.0
81.0
-38.0
-26.0
92.0
96.0
-21.0
-27.0
78.0
-29.0
-7.0
85.0
87.0
-107.0
79.0
-26.0
91.0
74.0
99.0
-220.0
78.0
-30.0
86.0
-323.0
85.0
-129.0
80.0
84.0
86.0
93.0
-19.0
96.0
89.0
75.0
-123.0
86.0
89.0
78.0
68.0
78.0
71.0
92.0
89.0
89.0
86.0
-14.0
88.0
74.0
-21.0
78.0
90.0
92.0
-113.0
77.0
88.0
-130.0
71.0
91.0
73.0
80.0
79.0
-131.0
-29.0
-221.0
-33.0
-25.0
90.0
-22.0
-117.0
66.0
-127.0
83.0
76.0
79.0
96.0
86.0
-124.0
74.0
-15.0
-16.0
-109.0
89.0
60.0
76.0
-30.0
82.0
78.0
-23.0
91.0
-129.0
75.0
97.0
-21.0
86.0
90.0
-19.0
70.0
74.0
-123.0
86.0
-119.0
65.0
-12.0
-17.0
-248.0
-48.0
-14.0
-21.0
88.0
-27.0
-117.0
-20.0
-129.0
-238.0
92.0
-335.0
-27.0
81.0
78.0
87.0
-130.0
-32.0
-324.0
81.0
-119.0
-23.0
-22.0
-231.0
-13.0
-13.0
-119.0
81.0
-212.0
76.0
-34.0
88.0
88.0
93.0
-128.0
-2.0
72.0
89.0
83.0
85.0
-14.0
87.0
93.0
84.0
-11.0
90.0
82.0
85.0
76.0
-218.0
87.0
-6.0
74.0
-18.0
-13.0
-142.0
-117.0
92.0
-32.0
81.0
-16.0
86.0
84.0
75.0
79.0
85.0
-7.0
75.0
-242.0
-23.0
-134.0
98.0
83.0
-36.0
74.0
91.0
90.0
80.0
-21.0
91.0
-121.0
88.0
76.0
81.0
-34.0
85.0
-127.0
-133.0
79.0
81.0
86.0
89.0
66.0
70.0
79.0
70.0
82.0
88.0
-12.0
-23.0
-18.0
87.0
-14.0
84.0
85.0
-39.0
84.0
93.0
84.0
78.0
73.0
68.0
79.0
58.0
89.0
89.0
98.0
76.0
-29.0
-125.0
-16.0
78.0
-17.0
81.0
-14.0
87.0
96.0
-21.0
-216.0
92.0
-120.0
87.0
84.0
68.0
78.0
-122.0
75.0
-126.0
79.0
65.0
-19.0
91.0
88.0
82.0
84.0
-225.0
-11.0
78.0
-13.0
83.0
75.0
-14.0
89.0
-34.0
-124.0
78.0
70.0
71.0
-10.0
93.0
88.0
78.0
-119.0
99.0
-10.0
72.0
92.0
92.0
60.0
-12.0
-23.0
-21.0
88.0
88.0
-39.0
78.0
92.0
-11.0
93.0
-17.0
71.0
-125.0
75.0
71.0
-8.0
94.0
81.0
-27.0
77.0
84.0
78.0
75.0
73.0
84.0
88.0
93.0
-16.0
85.0
-229.0
75.0
81.0
-226.0
-123.0
85.0
82.0
85.0
85.0
62.0
82.0
72.0
-139.0
-20.0
-27.0
-9.0
78.0
85.0
-16.0
69.0
-35.0
-319.0
85.0
89.0
82.0
-220.0
-125.0
87.0
94.0
80.0
73.0
83.0
70.0
70.0
-16.0
-12.0
80.0
84.0
84.0
78.0
-23.0
-18.0
-13.0
75.0
71.0
-24.0
82.0
79.0
94.0
-16.0
93.0
81.0
91.0
83.0
-127.0
73.0
-37.0
86.0
74.0
-19.0
78.0
91.0
-23.0
-113.0
-26.0
96.0
80.0
-15.0
76.0
83.0
-27.0
67.0
95.0
87.0
-224.0
74.0
-22.0
84.0
73.0
76.0
90.0
-111.0
64.0
-35.0
-21.0
96.0
85.0
79.0
68.0
96.0
83.0
-14.0
68.0
-37.0
-16.0
93.0
-118.0
-33.0
90.0
76.0
87.0
82.0
75.0
100.0
-126.0
95.0
-132.0
-16.0
82.0
95.0
93.0
77.0
91.0
83.0
83.0
80.0
92.0
75.0
-126.0
97.0
87.0
78.0
-14.0
76.0
79.0
92.0
84.0
95.0
84.0
-26.0
79.0
-23.0
99.0
-21.0
84.0
-26.0
77.0
-37.0
88.0
82.0
66.0
87.0
73.0
82.0
-119.0
71.0
86.0
75.0
98.0
71.0
-28.0
68.0
-11.0
74.0
84.0
-123.0
-24.0
92.0
89.0
86.0
97.0
89.0
-115.0
90.0
84.0
79.0
-18.0
-17.0
84.0
93.0
77.0
81.0
80.0
93.0
-24.0
90.0
69.0
87.0
78.0
-331.0
-14.0
-112.0
75.0
87.0
-24.0
88.0
99.0
92.0
87.0
-9.0
65.0
79.0
75.0
-119.0
86.0
73.0
90.0
79.0
-127.0
82.0
98.0
77.0
96.0
75.0
-227.0
81.0
88.0
97.0
73.0
66.0
79.0
83.0
-25.0
75.0
87.0
89.0
78.0
81.0
-27.0
-10.0
91.0
-8.0
89.0
83.0
68.0
82.0
-37.0
93.0
-21.0
88.0
-114.0
63.0
67.0
-10.0
-27.0
79.0
93.0
89.0
80.0
81.0
93.0
72.0
77.0
99.0
74.0
78.0
81.0
-18.0
67.0
-12.0
89.0
69.0
84.0
85.0
88.0
-24.0
96.0
79.0
89.0
77.0
68.0
-116.0
-124.0
67.0
99.0
88.0
77.0
-17.0
71.0
-31.0
98.0
-338.0
77.0
-21.0
82.0
-30.0
94.0
-17.0
83.0
85.0
-218.0
84.0
-7.0
90.0
-30.0
89.0
84.0
86.0
-26.0
85.0
-27.0
84.0
-16.0
-3.0
79.0
77.0
81.0
81.0
80.0
-24.0
-22.0
85.0
-129.0
89.0
78.0
80.0
91.0
-16.0
-12.0
94.0
75.0
65.0
-11.0
72.0
85.0
93.0
-140.0
-22.0
88.0
-31.0
96.0
86.0
-113.0
89.0
-30.0
-240.0
82.0
-5.0
98.0
-117.0
-20.0
-216.0
93.0
76.0
82.0
90.0
88.0
89.0
-17.0
83.0
87.0
82.0
74.0
86.0
83.0
88.0
-18.0
86.0
80.0
74.0
-19.0
-25.0
83.0
81.0
-115.0
76.0
91.0
87.0
84.0
84.0
-29.0
-11.0
76.0
86.0
78.0
73.0
91.0
-33.0
90.0
85.0
97.0
90.0
86.0
-219.0
-124.0
89.0
86.0
85.0
-26.0
74.0
85.0
90.0
69.0
71.0
-10.0
88.0
-22.0
79.0
90.0
76.0
-27.0
73.0
-19.0
83.0
84.0
86.0
87.0
78.0
75.0
75.0
99.0
74.0
79.0
-18.0
98.0
-126.0
80.0
73.0
-29.0
88.0
72.0
90.0
93.0
71.0
70.0
77.0
-220.0
-16.0
83.0
98.0
-118.0
81.0
-17.0
83.0
-227.0
81.0
-22.0
69.0
87.0
81.0
-6.0
74.0
-28.0
86.0
74.0
68.0
79.0
73.0
-26.0
77.0
76.0
90.0
-31.0
-22.0
-20.0
75.0
73.0
-26.0
-111.0
73.0
-26.0
78.0
71.0
69.0
-19.0
66.0
79.0
86.0
90.0
89.0
-15.0
87.0
86.0
91.0
75.0
86.0
-112.0
68.0
79.0
-12.0
-18.0
-20.0
96.0
-19.0
60.0
94.0
74.0
-14.0
-24.0
94.0
77.0
93.0
83.0
84.0
85.0
-3.0
98.0
82.0
93.0
75.0
83.0
87.0
-25.0
83.0
67.0
89.0
84.0
82.0
78.0
84.0
98.0
-33.0
78.0
-126.0
80.0
93.0
94.0
80.0
92.0
76.0
80.0
82.0
81.0
81.0
63.0
89.0
83.0
79.0
71.0
-22.0
72.0
86.0
92.0
-9.0
89.0
64.0
90.0
-18.0
91.0
-24.0
89.0
-8.0
-122.0
84.0
90.0
88.0
83.0
68.0
-31.0
83.0
75.0
100.0
94.0
94.0
84.0
-10.0
-22.0
82.0
-12.0
-27.0
76.0
74.0
96.0
-32.0
80.0
-33.0
-21.0
-21.0
74.0
76.0
87.0
81.0
97.0
-14.0
-18.0
-332.0
73.0
86.0
-21.0
-120.0
89.0
87.0
-8.0
88.0
-122.0
100.0
76.0
82.0
-11.0
66.0
99.0
92.0
84.0
-21.0
-20.0
-123.0
80.0
-117.0
-119.0
83.0
-22.0
74.0
80.0
-22.0
-18.0
84.0
75.0
65.0
82.0
79.0
72.0
-25.0
72.0
-18.0
-134.0
97.0
71.0
87.0
94.0
96.0
74.0
-38.0
81.0
-119.0
96.0
-21.0
91.0
90.0
85.0
78.0
70.0
-24.0
74.0
74.0
-30.0
97.0
89.0
74.0
86.0
63.0
-133.0
